0.00 0.00 -3.80 1560.55 997.35 -3.10
0.00 1.00 -2.00 1563.80 999.50 -3.40
0.00 2.00 -3.75 1560.00 996.00 -3.55
0.00 3.00 0.00 0.00 996.00 -2.85
1.00 0.00 -1.50 1560.20 996.00 0
1.00 1.00 -1.80 1563.25 1000.95 0
1.00 2.00 -3.00 1560.00 996.00 0
1.00 3.00 0.00 0.00 996.00 -2.55
2.00 0.00 -0.85 1560.20 992.70 -3.70
2.00 1.00 -1.65 1563.20 993.15 2.30
2.00 2.00 -3.30 1560.00 995.20 0.00
2.00 3.00 0.00 0.00 991.15 -0.10
3.00 0.00 -0.90 1560.30 0.00 0.00
3.00 1.00 -1.75 1563.15 0.00 0.00
3.00 2.00 -2.00 1560.00 0.00 0.00
3.00 3.00 0.00 0.00 0.00 0.00
